  Atom           S          P          D          F        Total
      1    P  4.7655861  8.0856007  0.6127766  0.0000000 13.4639633
      2    O  3.8262402  4.9478752  0.0451101  0.0000000  8.8192255
      3    O  3.7967467  5.0070703  0.0474733  0.0000000  8.8512903
      4    O  3.8095539  4.8867777  0.0606819  0.0000000  8.7570135
      5    C  3.1763888  2.7180998  0.1045512  0.0000000  5.9990398
      6    H  0.8354564  0.0000000  0.0000000  0.0000000  0.8354564
      7    H  0.8092860  0.0000000  0.0000000  0.0000000  0.8092860
      8    C  3.1502668  2.5903275  0.0956559  0.0000000  5.8362501
      9    H  0.8420490  0.0000000  0.0000000  0.0000000  0.8420490
     10    O  3.9104908  4.7425144  0.0440381  0.0000000  8.6970434
     11    C  3.0800837  2.4222454  0.1101186  0.0000000  5.6124477
     12    H  0.7813000  0.0000000  0.0000000  0.0000000  0.7813000
     13    N  3.6125816  4.1006914  0.0552730  0.0000000  7.7685461
     14    C  3.0930511  2.5674985  0.0916876  0.0000000  5.7522371
     15    H  0.6786495  0.0000000  0.0000000  0.0000000  0.6786495
     16    N  3.7850821  3.7619125  0.0349871  0.0000000  7.5819816
     17    C  3.0298138  2.7201715  0.0780953  0.0000000  5.8280805
     18    C  2.9543570  2.3605322  0.1002856  0.0000000  5.4151749
     19    N  3.6504167  4.2234414  0.0622394  0.0000000  7.9360975
     20    H  0.5789717  0.0000000  0.0000000  0.0000000  0.5789717
     21    H  0.5233482  0.0000000  0.0000000  0.0000000  0.5233482
     22    N  3.7604439  3.8136523  0.0335229  0.0000000  7.6076191
     23    C  3.0752881  2.5992425  0.0983018  0.0000000  5.7728324
     24    H  0.8315467  0.0000000  0.0000000  0.0000000  0.8315467
     25    N  3.7375102  3.8998938  0.0299237  0.0000000  7.6673277
     26    C  2.8774846  2.3679363  0.0950440  0.0000000  5.3404649
     27    C  3.1490638  2.6298944  0.1019890  0.0000000  5.8809472
     28    H  0.7643623  0.0000000  0.0000000  0.0000000  0.7643623
     29    C  3.1664913  2.6566841  0.0963661  0.0000000  5.9195415
     30    H  0.7729612  0.0000000  0.0000000  0.0000000  0.7729612
     31    O  3.8464927  4.9143038  0.0630677  0.0000000  8.8238642
     32    H  0.5208132  0.0000000  0.0000000  0.0000000  0.5208132
     33    O  3.8448644  4.8605370  0.0666162  0.0000000  8.7720176
     34    H  0.5468664  0.0000000  0.0000000  0.0000000  0.5468664
     35    N  3.7519593  4.0341394  0.0266604  0.0000000  7.8127592
     36    C  2.7733528  2.1031426  0.1531972  0.0000000  5.0296926
     37    O  3.8455899  4.8520442  0.0310706  0.0000000  8.7287047
     38    N  3.6146991  4.2177639  0.0539331  0.0000000  7.8863960
     39    C  2.8801045  2.1720082  0.1279224  0.0000000  5.1800352
     40    O  3.8684128  4.7470905  0.0348730  0.0000000  8.6503763
     41    C  3.0839794  2.8283867  0.0697137  0.0000000  5.9820798
     42    N  3.6463492  4.1331068  0.0613526  0.0000000  7.8408086
     43    C  3.0086052  2.6275424  0.0762633  0.0000000  5.7124109
     44    C  3.1201900  3.1746084  0.0584905  0.0000000  6.3532889
     45    C  3.1442756  2.7914413  0.0576914  0.0000000  5.9934083
     46    C  3.2687593  3.1536899  0.0811125  0.0000000  6.5035617
     47    C  3.1067817  2.7902380  0.0583945  0.0000000  5.9554142
     48    C  3.2862090  3.2146731  0.0809369  0.0000000  6.5818190
     49    C  3.1384587  3.0912226  0.0596009  0.0000000  6.2892823
     50    C  2.9906260  2.5282112  0.0724104  0.0000000  5.5912477
     51    N  3.6549016  4.0921793  0.0531711  0.0000000  7.8002520
     52    C  2.9112480  2.3255668  0.0855023  0.0000000  5.3223171
     53    C  3.2249431  2.8814286  0.0927450  0.0000000  6.1991168
     54    C  3.1534579  2.5747279  0.1049910  0.0000000  5.8331768
     55    O  3.8472142  4.8674563  0.0668703  0.0000000  8.7815408
     56    H  0.5270352  0.0000000  0.0000000  0.0000000  0.5270352
     57    C  3.1675603  2.6458974  0.0954077  0.0000000  5.9088654
     58    O  3.8738523  4.8964712  0.0602777  0.0000000  8.8306012
     59    H  0.4779656  0.0000000  0.0000000  0.0000000  0.4779656
     60    C  3.1866829  2.6510118  0.0979670  0.0000000  5.9356617
     61    O  3.8613863  4.8858647  0.0655760  0.0000000  8.8128271
     62    H  0.5315564  0.0000000  0.0000000  0.0000000  0.5315564
     63    C  3.1595090  2.7183000  0.1021543  0.0000000  5.9799633
     64    O  3.7910010  4.8751410  0.0620374  0.0000000  8.7281794
     65    P  4.8033174  8.0892762  0.6063631  0.0000000 13.4989568
     66    O  3.7934854  5.0209474  0.0449389  0.0000000  8.8593716
     67    O  3.8451890  4.9574434  0.0399744  0.0000000  8.8426068
     68    O  3.7412602  4.9319630  0.0808312  0.0000000  8.7540544
     69    H  0.5155957  0.0000000  0.0000000  0.0000000  0.5155957
     70    H  0.7556840  0.0000000  0.0000000  0.0000000  0.7556840
     71    H  0.8771352  0.0000000  0.0000000  0.0000000  0.8771352
     72    H  0.7815473  0.0000000  0.0000000  0.0000000  0.7815473
     73    H  0.8473555  0.0000000  0.0000000  0.0000000  0.8473555
     74    H  0.7521534  0.0000000  0.0000000  0.0000000  0.7521534
     75    H  0.8478374  0.0000000  0.0000000  0.0000000  0.8478374
     76    H  0.8033109  0.0000000  0.0000000  0.0000000  0.8033109
     77    H  0.7375935  0.0000000  0.0000000  0.0000000  0.7375935
     78    H  0.7699741  0.0000000  0.0000000  0.0000000  0.7699741
     79    H  0.7586319  0.0000000  0.0000000  0.0000000  0.7586319
     80    H  0.7816169  0.0000000  0.0000000  0.0000000  0.7816169
     81    H  0.7997136  0.0000000  0.0000000  0.0000000  0.7997136
     82    H  0.8088883  0.0000000  0.0000000  0.0000000  0.8088883
     83    H  0.8124028  0.0000000  0.0000000  0.0000000  0.8124028
     84    H  0.8477704  0.0000000  0.0000000  0.0000000  0.8477704
     85    H  0.5207154  0.0000000  0.0000000  0.0000000  0.5207154
     86    P  4.9997598  8.2421333  0.5734850  0.0000000 13.8153781
     87    O  3.8061719  5.0496411  0.0427100  0.0000000  8.8985230
     88    O  3.8258692  5.1553782  0.0309124  0.0000000  9.0121598
     89    O  3.7710107  4.8465297  0.0683355  0.0000000  8.6858759
     90    C  3.1485885  2.7225646  0.1098033  0.0000000  5.9809563
     91    C  3.1650187  2.5812232  0.0989586  0.0000000  5.8452004
     92    O  3.8723447  4.7977509  0.0465057  0.0000000  8.7166012
     93    C  3.1488006  2.5485828  0.1038649  0.0000000  5.8012483
     94    O  3.8678726  4.9407314  0.0507896  0.0000000  8.8593937
     95    C  3.2692171  3.0411847  0.0788479  0.0000000  6.3892496
     96    C  3.0743120  2.3954891  0.1141642  0.0000000  5.5839652
     97    N  3.5942356  4.1065503  0.0513166  0.0000000  7.7521025
     98    C  2.8216094  2.0545866  0.1386065  0.0000000  5.0148025
     99    O  3.8619674  4.8666357  0.0293698  0.0000000  8.7579729
    100    N  3.6314280  4.0828935  0.0586248  0.0000000  7.7729463
    101    C  2.9561236  2.1869317  0.1265361  0.0000000  5.2695914
    102    O  3.8821324  4.7952798  0.0293583  0.0000000  8.7067705
    103    C  3.1908038  2.8604707  0.0774520  0.0000000  6.1287265
    104    C  3.1269272  2.6974709  0.0937904  0.0000000  5.9181886
    105    C  3.0653476  2.4084955  0.1168487  0.0000000  5.5906918
    106    C  3.2241714  3.0615829  0.0792622  0.0000000  6.3650166
    107    C  2.8164605  2.1190026  0.1339078  0.0000000  5.0693709
    108    C  3.1741166  2.6286510  0.0957312  0.0000000  5.8984989
    109    C  3.1418810  2.6102561  0.1007939  0.0000000  5.8529310
    110    C  2.9510332  2.1158622  0.1272127  0.0000000  5.1941082
    111    C  3.2861474  3.1229291  0.0797830  0.0000000  6.4888595
    112    C  3.2818275  3.1193922  0.0795282  0.0000000  6.4807479
    113    C  3.1892002  2.7167141  0.0975043  0.0000000  6.0034186
    114    C  3.2235400  2.8747048  0.0746123  0.0000000  6.1728571
    115    C  3.1307681  2.6825212  0.0942657  0.0000000  5.9075549
    116    N  3.5757696  4.1462422  0.0505342  0.0000000  7.7725460
    117    N  3.6162238  4.1721332  0.0573832  0.0000000  7.8457403
    118    O  3.8852939  4.8183416  0.0262994  0.0000000  8.7299349
    119    O  3.8033683  4.9173464  0.0589570  0.0000000  8.7796717
    120    O  3.7990629  5.0728770  0.0437046  0.0000000  8.9156445
    121    O  3.8687849  4.8043411  0.0463492  0.0000000  8.7194753
    122    O  3.8694503  4.7881589  0.0373459  0.0000000  8.6949551
    123    O  3.8096166  5.0227240  0.0457141  0.0000000  8.8780547
    124    O  3.8288562  4.9002711  0.0572624  0.0000000  8.7863897
    125    P  4.7824135  8.0291215  0.5990940  0.0000000 13.4106290
    126    H  0.8507656  0.0000000  0.0000000  0.0000000  0.8507656
    127    H  0.8804032  0.0000000  0.0000000  0.0000000  0.8804032
    128    H  0.7995638  0.0000000  0.0000000  0.0000000  0.7995638
    129    H  0.8116600  0.0000000  0.0000000  0.0000000  0.8116600
    130    H  0.8282165  0.0000000  0.0000000  0.0000000  0.8282165
    131    H  0.7098524  0.0000000  0.0000000  0.0000000  0.7098524
    132    H  0.7499336  0.0000000  0.0000000  0.0000000  0.7499336
    133    H  0.5492011  0.0000000  0.0000000  0.0000000  0.5492011
    134    H  0.7897148  0.0000000  0.0000000  0.0000000  0.7897148
    135    H  0.7973576  0.0000000  0.0000000  0.0000000  0.7973576
    136    H  0.8551375  0.0000000  0.0000000  0.0000000  0.8551375
    137    H  0.8003450  0.0000000  0.0000000  0.0000000  0.8003450
    138    H  0.7675603  0.0000000  0.0000000  0.0000000  0.7675603
    139    H  0.8085441  0.0000000  0.0000000  0.0000000  0.8085441
    140    H  0.7937662  0.0000000  0.0000000  0.0000000  0.7937662
    141    H  0.8243684  0.0000000  0.0000000  0.0000000  0.8243684
    142    H  0.7952132  0.0000000  0.0000000  0.0000000  0.7952132
    143    H  0.8249920  0.0000000  0.0000000  0.0000000  0.8249920
    144    H  0.7975009  0.0000000  0.0000000  0.0000000  0.7975009
    145    H  0.7960104  0.0000000  0.0000000  0.0000000  0.7960104
    146    H  0.8569633  0.0000000  0.0000000  0.0000000  0.8569633
    147    H  0.8082507  0.0000000  0.0000000  0.0000000  0.8082507
    148    H  0.7557758  0.0000000  0.0000000  0.0000000  0.7557758
    149    H  0.5085133  0.0000000  0.0000000  0.0000000  0.5085133
    150    O  3.8234660  5.0754774  0.0740774  0.0000000  8.9730208
    151    H  0.4937232  0.0000000  0.0000000  0.0000000  0.4937232
    152    H  0.5613645  0.0000000  0.0000000  0.0000000  0.5613645
    153    H  1.1016038  0.0000000  0.0000000  0.0000000  1.1016038
    154    H  0.3220522  0.0000000  0.0000000  0.0000000  0.3220522
------------ ---------- ---------- ---------- ---------- ----------
  Total                                                   738.0000000
